49 50
11000000000000000000000000000000000000000000000011
00110000000000000000000000000000000000000000001100
00001100000000000000000000000000000000000000110000
00000011000000000000000000000000000000000011000000
00000000110000000000000000000000000000001100000000
00000000001100000000000000000000000000110000000000
00000000000011000000000000000000000011000000000000
00000000000000110000000000000000001100000000000000
00000000000000001100000000000000110000000000000000
00000000000000000011000000000011000000000000000000
00000000000000000000110000001100000000000000000000
00000000000000000000001100110000000000000000000000
00000000000000000000000011000000000000000000000000
00000000000000000000001100110000000000000000000000
00000000000000000000110000001100000000000000000000
00000000000000000011000000000011000000000000000000
00000000000000001100000000000000110000000000000000
00000000000000110000000000000000001100000000000000
00000000000011000000000000000000000011000000000000
00000000001100000000000000000000000000110000000000
00000000110000000000000000000000000000001100000000
00000011000000000000000000000000000000000011000000
00001100000000000000000000000000000000000000110000
00110000000000000000000000000000000000000000001100
11000000000000000000000000000000000000000000000011
11000000000000000000000000000000000000000000000011
00110000000000000000000000000000000000000000001100
00001100000000000000000000000000000000000000110000
00000011000000000000000000000000000000000011000000
00000000110000000000000000000000000000001100000000
00000000001100000000000000000000000000110000000000
00000000000011000000000000000000000011000000000000
00000000000000110000000000000000001100000000000000
00000000000000001100000000000000110000000000000000
00000000000000000011000000000011000000000000000000
00000000000000000000110000001100000000000000000000
00000000000000000000001100110000000000000000000000
00000000000000000000000011000000000000000000000000
00000000000000000000001100110000000000000000000000
00000000000000000000110000001100000000000000000000
00000000000000000011000000000011000000000000000000
00000000000000001100000000000000110000000000000000
00000000000000110000000000000000001100000000000000
00000000000011000000000000000000000011000000000000
00000000001100000000000000000000000000110000000000
00000000110000000000000000000000000000001100000000
00000011000000000000000000000000000000000011000000
00001100000000000000000000000000000000000000110000
00110000000000000000000000000000000000000000001100
49 50
11000000000000000000000000000000000000000000000011
00110000000000000000000000000000000000000000001100
00001100000000000000000000000000000000000000110000
00000011000000000000000000000000000000000011000000
00000000110000000000000000000000000000001100000000
00000000001100000000000000000000000000110000000000
00000000000011000000000000000000000011000000000000
00000000000000110000000000000000001100000000000000
00000000000000001100000000000000110000000000000000
00000000000000000011000000000011000000000000000000
00000000000000000000110000001100000000000000000000
00000000000000000000001100110000000000000000000000
00000000000000000000000011000000000000000000000000
00000000000000000000001100110000000000000000000000
00000000000000000000110000001100000000000000000000
00000000000000000011000000000011000000000000000000
00000000000000001100000000000000110000000000000000
00000000000000110000000000000000001100000000000000
00000000000011000000000000000000000011000000000000
00000000001100000000000000000000000000110000000000
00000000110000000000000000000000000000001100000000
00000011000000000000000000000000000000000011000000
00001100000000000000000000000000000000000000110000
00110000000000000000000000000000000000000000001100
11000000000000000000000000000000000000000000000011
11000000000000000000000000000000000000000000000011
00110000000000000000000000000000000000000000001100
00001100000000000000000000000000000000000000110000
00000011000000000000000000000000000000000011000000
00000000110000000000000000000000000000001100000000
00000000001100000000000000000000000000110000000000
00000000000011000000000000000000000011000000000000
00000000000000110000000000000000001100000000000000
00000000000000001100000000000000110000000000000000
00000000000000000011000000000011000000000000000000
00000000000000000000110000001100000000000000000000
00000000000000000000001100110000000000000000000000
00000000000000000000000011000000000000000000000000
00000000000000000000001100110000000000000000000000
00000000000000000000110000001100000000000000000000
00000000000000000011000000000011000000000000000000
00000000000000001100000000000000110000000000000000
00000000000000110000000000000000001100000000000000
00000000000011000000000000000000000011000000000000
00000000001100000000000000000000000000110000000000
00000000110000000000000000000000000000001100000000
00000011000000000000000000000000000000000011000000
00001100000000000000000000000000000000000000110000
00110000000000000000000000000000000000000000001100
48 49
1100000000000000000000000000000000000000000000011
0011000000000000000000000000000000000000000001100
0000110000000000000000000000000000000000000110000
0000001100000000000000000000000000000000011000000
0000000011000000000000000000000000000001100000000
0000000000110000000000000000000000000110000000000
0000000000001100000000000000000000011000000000000
0000000000000011000000000000000001100000000000000
0000000000000000110000000000000110000000000000000
0000000000000000001100000000011000000000000000000
0000000000000000000011000001100000000000000000000
0000000000000000000000110110000000000000000000000
0000000000000000000000011100000000000000000000000
0000000000000000000001100011000000000000000000000
0000000000000000000110000000110000000000000000000
0000000000000000011000000000001100000000000000000
0000000000000001100000000000000011000000000000000
0000000000000110000000000000000000110000000000000
0000000000011000000000000000000000001100000000000
0000000001100000000000000000000000000011000000000
0000000110000000000000000000000000000000110000000
0000011000000000000000000000000000000000001100000
0001100000000000000000000000000000000000000011000
0110000000000000000000000000000000000000000000110
1000000000000000000000000000000000000000000000001
0110000000000000000000000000000000000000000000110
0001100000000000000000000000000000000000000011000
0000011000000000000000000000000000000000001100000
0000000110000000000000000000000000000000110000000
0000000001100000000000000000000000000011000000000
0000000000011000000000000000000000001100000000000
0000000000000110000000000000000000110000000000000
0000000000000001100000000000000011000000000000000
0000000000000000011000000000001100000000000000000
0000000000000000000110000000110000000000000000000
0000000000000000000001100011000000000000000000000
0000000000000000000000011100000000000000000000000
0000000000000000000000110110000000000000000000000
0000000000000000000011000001100000000000000000000
0000000000000000001100000000011000000000000000000
0000000000000000110000000000000110000000000000000
0000000000000011000000000000000001100000000000000
0000000000001100000000000000000000011000000000000
0000000000110000000000000000000000000110000000000
0000000011000000000000000000000000000001100000000
0000001100000000000000000000000000000000011000000
0000110000000000000000000000000000000000000110000
0011000000000000000000000000000000000000000001100
50 49
1100000000000000000000000000000000000000000000011
0011000000000000000000000000000000000000000001100
0000110000000000000000000000000000000000000110000
0000001100000000000000000000000000000000011000000
0000000011000000000000000000000000000001100000000
0000000000110000000000000000000000000110000000000
0000000000001100000000000000000000011000000000000
0000000000000011000000000000000001100000000000000
0000000000000000110000000000000110000000000000000
0000000000000000001100000000011000000000000000000
0000000000000000000011000001100000000000000000000
0000000000000000000000110110000000000000000000000
0000000000000000000000011100000000000000000000000
0000000000000000000001100011000000000000000000000
0000000000000000000110000000110000000000000000000
0000000000000000011000000000001100000000000000000
0000000000000001100000000000000011000000000000000
0000000000000110000000000000000000110000000000000
0000000000011000000000000000000000001100000000000
0000000001100000000000000000000000000011000000000
0000000110000000000000000000000000000000110000000
0000011000000000000000000000000000000000001100000
0001100000000000000000000000000000000000000011000
0110000000000000000000000000000000000000000000110
1000000000000000000000000000000000000000000000001
0110000000000000000000000000000000000000000000110
0001100000000000000000000000000000000000000011000
0000011000000000000000000000000000000000001100000
0000000110000000000000000000000000000000110000000
0000000001100000000000000000000000000011000000000
0000000000011000000000000000000000001100000000000
0000000000000110000000000000000000110000000000000
0000000000000001100000000000000011000000000000000
0000000000000000011000000000001100000000000000000
0000000000000000000110000000110000000000000000000
0000000000000000000001100011000000000000000000000
0000000000000000000000011100000000000000000000000
0000000000000000000000110110000000000000000000000
0000000000000000000011000001100000000000000000000
0000000000000000001100000000011000000000000000000
0000000000000000110000000000000110000000000000000
0000000000000011000000000000000001100000000000000
0000000000001100000000000000000000011000000000000
0000000000110000000000000000000000000110000000000
0000000011000000000000000000000000000001100000000
0000001100000000000000000000000000000000011000000
0000110000000000000000000000000000000000000110000
0011000000000000000000000000000000000000000001100
1100000000000000000000000000000000000000000000011
1100000000000000000000000000000000000000000000011
50 50
11000000000000000000000000000000000000000000000011
00110000000000000000000000000000000000000000001100
00001100000000000000000000000000000000000000110000
00000011000000000000000000000000000000000011000000
00000000110000000000000000000000000000001100000000
00000000001100000000000000000000000000110000000000
00000000000011000000000000000000000011000000000000
00000000000000110000000000000000001100000000000000
00000000000000001100000000000000110000000000000000
00000000000000000011000000000011000000000000000000
00000000000000000000110000001100000000000000000000
00000000000000000000001100110000000000000000000000
00000000000000000000000011000000000000000000000000
00000000000000000000001100110000000000000000000000
00000000000000000000110000001100000000000000000000
00000000000000000011000000000011000000000000000000
00000000000000001100000000000000110000000000000000
00000000000000110000000000000000001100000000000000
00000000000011000000000000000000000011000000000000
00000000001100000000000000000000000000110000000000
00000000110000000000000000000000000000001100000000
00000011000000000000000000000000000000000011000000
00001100000000000000000000000000000000000000110000
00110000000000000000000000000000000000000000001100
11000000000000000000000000000000000000000000000011
11000000000000000000000000000000000000000000000011
00110000000000000000000000000000000000000000001100
00001100000000000000000000000000000000000000110000
00000011000000000000000000000000000000000011000000
00000000110000000000000000000000000000001100000000
00000000001100000000000000000000000000110000000000
00000000000011000000000000000000000011000000000000
00000000000000110000000000000000001100000000000000
00000000000000001100000000000000110000000000000000
00000000000000000011000000000011000000000000000000
00000000000000000000110000001100000000000000000000
00000000000000000000001100110000000000000000000000
00000000000000000000000011000000000000000000000000
00000000000000000000001100110000000000000000000000
00000000000000000000110000001100000000000000000000
00000000000000000011000000000011000000000000000000
00000000000000001100000000000000110000000000000000
00000000000000110000000000000000001100000000000000
00000000000011000000000000000000000011000000000000
00000000001100000000000000000000000000110000000000
00000000110000000000000000000000000000001100000000
00000011000000000000000000000000000000000011000000
00001100000000000000000000000000000000000000110000
00110000000000000000000000000000000000000000001100
11000000000000000000000000000000000000000000000011
48 49
1100000000000000000000000000000000000000000000011
0011000000000000000000000000000000000000000001100
0000110000000000000000000000000000000000000110000
0000001100000000000000000000000000000000011000000
0000000011000000000000000000000000000001100000000
0000000000110000000000000000000000000110000000000
0000000000001100000000000000000000011000000000000
0000000000000011000000000000000001100000000000000
0000000000000000110000000000000110000000000000000
0000000000000000001100000000011000000000000000000
0000000000000000000011000001100000000000000000000
0000000000000000000000110110000000000000000000000
0000000000000000000000011100000000000000000000000
0000000000000000000001100011000000000000000000000
0000000000000000000110000000110000000000000000000
0000000000000000011000000000001100000000000000000
0000000000000001100000000000000011000000000000000
0000000000000110000000000000000000110000000000000
0000000000011000000000000000000000001100000000000
0000000001100000000000000000000000000011000000000
0000000110000000000000000000000000000000110000000
0000011000000000000000000000000000000000001100000
0001100000000000000000000000000000000000000011000
0110000000000000000000000000000000000000000000110
1000000000000000000000000000000000000000000000001
0110000000000000000000000000000000000000000000110
0001100000000000000000000000000000000000000011000
0000011000000000000000000000000000000000001100000
0000000110000000000000000000000000000000110000000
0000000001100000000000000000000000000011000000000
0000000000011000000000000000000000001100000000000
0000000000000110000000000000000000110000000000000
0000000000000001100000000000000011000000000000000
0000000000000000011000000000001100000000000000000
0000000000000000000110000000110000000000000000000
0000000000000000000001100011000000000000000000000
0000000000000000000000011100000000000000000000000
0000000000000000000000110110000000000000000000000
0000000000000000000011000001100000000000000000000
0000000000000000001100000000011000000000000000000
0000000000000000110000000000000110000000000000000
0000000000000011000000000000000001100000000000000
0000000000001100000000000000000000011000000000000
0000000000110000000000000000000000000110000000000
0000000011000000000000000000000000000001100000000
0000001100000000000000000000000000000000011000000
0000110000000000000000000000000000000000000110000
0011000000000000000000000000000000000000000001100
48 49
1100000000000000000000000000000000000000000000011
0011000000000000000000000000000000000000000001100
0000110000000000000000000000000000000000000110000
0000001100000000000000000000000000000000011000000
0000000011000000000000000000000000000001100000000
0000000000110000000000000000000000000110000000000
0000000000001100000000000000000000011000000000000
0000000000000011000000000000000001100000000000000
0000000000000000110000000000000110000000000000000
0000000000000000001100000000011000000000000000000
0000000000000000000011000001100000000000000000000
0000000000000000000000110110000000000000000000000
0000000000000000000000011100000000000000000000000
0000000000000000000001100011000000000000000000000
0000000000000000000110000000110000000000000000000
0000000000000000011000000000001100000000000000000
0000000000000001100000000000000011000000000000000
0000000000000110000000000000000000110000000000000
0000000000011000000000000000000000001100000000000
0000000001100000000000000000000000000011000000000
0000000110000000000000000000000000000000110000000
0000011000000000000000000000000000000000001100000
0001100000000000000000000000000000000000000011000
0110000000000000000000000000000000000000000000110
1000000000000000000000000000000000000000000000001
0110000000000000000000000000000000000000000000110
0001100000000000000000000000000000000000000011000
0000011000000000000000000000000000000000001100000
0000000110000000000000000000000000000000110000000
0000000001100000000000000000000000000011000000000
0000000000011000000000000000000000001100000000000
0000000000000110000000000000000000110000000000000
0000000000000001100000000000000011000000000000000
0000000000000000011000000000001100000000000000000
0000000000000000000110000000110000000000000000000
0000000000000000000001100011000000000000000000000
0000000000000000000000011100000000000000000000000
0000000000000000000000110110000000000000000000000
0000000000000000000011000001100000000000000000000
0000000000000000001100000000011000000000000000000
0000000000000000110000000000000110000000000000000
0000000000000011000000000000000001100000000000000
0000000000001100000000000000000000011000000000000
0000000000110000000000000000000000000110000000000
0000000011000000000000000000000000000001100000000
0000001100000000000000000000000000000000011000000
0000110000000000000000000000000000000000000110000
0011000000000000000000000000000000000000000001100
50 50
11000000000000000000000000000000000000000000000011
00110000000000000000000000000000000000000000001100
00001100000000000000000000000000000000000000110000
00000011000000000000000000000000000000000011000000
00000000110000000000000000000000000000001100000000
00000000001100000000000000000000000000110000000000
00000000000011000000000000000000000011000000000000
00000000000000110000000000000000001100000000000000
00000000000000001100000000000000110000000000000000
00000000000000000011000000000011000000000000000000
00000000000000000000110000001100000000000000000000
00000000000000000000001100110000000000000000000000
00000000000000000000000011000000000000000000000000
00000000000000000000001100110000000000000000000000
00000000000000000000110000001100000000000000000000
00000000000000000011000000000011000000000000000000
00000000000000001100000000000000110000000000000000
00000000000000110000000000000000001100000000000000
00000000000011000000000000000000000011000000000000
00000000001100000000000000000000000000110000000000
00000000110000000000000000000000000000001100000000
00000011000000000000000000000000000000000011000000
00001100000000000000000000000000000000000000110000
00110000000000000000000000000000000000000000001100
11000000000000000000000000000000000000000000000011
11000000000000000000000000000000000000000000000011
00110000000000000000000000000000000000000000001100
00001100000000000000000000000000000000000000110000
00000011000000000000000000000000000000000011000000
00000000110000000000000000000000000000001100000000
00000000001100000000000000000000000000110000000000
00000000000011000000000000000000000011000000000000
00000000000000110000000000000000001100000000000000
00000000000000001100000000000000110000000000000000
00000000000000000011000000000011000000000000000000
00000000000000000000110000001100000000000000000000
00000000000000000000001100110000000000000000000000
00000000000000000000000011000000000000000000000000
00000000000000000000001100110000000000000000000000
00000000000000000000110000001100000000000000000000
00000000000000000011000000000011000000000000000000
00000000000000001100000000000000110000000000000000
00000000000000110000000000000000001100000000000000
00000000000011000000000000000000000011000000000000
00000000001100000000000000000000000000110000000000
00000000110000000000000000000000000000001100000000
00000011000000000000000000000000000000000011000000
00001100000000000000000000000000000000000000110000
00110000000000000000000000000000000000000000001100
11000000000000000000000000000000000000000000000011
48 48
110000000000000000000000000000000000000000000011
001100000000000000000000000000000000000000001100
000011000000000000000000000000000000000000110000
000000110000000000000000000000000000000011000000
000000001100000000000000000000000000001100000000
000000000011000000000000000000000000110000000000
000000000000110000000000000000000011000000000000
000000000000001100000000000000001100000000000000
000000000000000011000000000000110000000000000000
000000000000000000110000000011000000000000000000
000000000000000000001100001100000000000000000000
000000000000000000000011110000000000000000000000
000000000000000000000011110000000000000000000000
000000000000000000001100001100000000000000000000
000000000000000000110000000011000000000000000000
000000000000000011000000000000110000000000000000
000000000000001100000000000000001100000000000000
000000000000110000000000000000000011000000000000
000000000011000000000000000000000000110000000000
000000001100000000000000000000000000001100000000
000000110000000000000000000000000000000011000000
000011000000000000000000000000000000000000110000
001100000000000000000000000000000000000000001100
110000000000000000000000000000000000000000000011
110000000000000000000000000000000000000000000011
001100000000000000000000000000000000000000001100
000011000000000000000000000000000000000000110000
000000110000000000000000000000000000000011000000
000000001100000000000000000000000000001100000000
000000000011000000000000000000000000110000000000
000000000000110000000000000000000011000000000000
000000000000001100000000000000001100000000000000
000000000000000011000000000000110000000000000000
000000000000000000110000000011000000000000000000
000000000000000000001100001100000000000000000000
000000000000000000000011110000000000000000000000
000000000000000000000011110000000000000000000000
000000000000000000001100001100000000000000000000
000000000000000000110000000011000000000000000000
000000000000000011000000000000110000000000000000
000000000000001100000000000000001100000000000000
000000000000110000000000000000000011000000000000
000000000011000000000000000000000000110000000000
000000001100000000000000000000000000001100000000
000000110000000000000000000000000000000011000000
000011000000000000000000000000000000000000110000
001100000000000000000000000000000000000000001100
110000000000000000000000000000000000000000000011
49 48
110000000000000000000000000000000000000000000011
001100000000000000000000000000000000000000001100
000011000000000000000000000000000000000000110000
000000110000000000000000000000000000000011000000
000000001100000000000000000000000000001100000000
000000000011000000000000000000000000110000000000
000000000000110000000000000000000011000000000000
000000000000001100000000000000001100000000000000
000000000000000011000000000000110000000000000000
000000000000000000110000000011000000000000000000
000000000000000000001100001100000000000000000000
000000000000000000000011110000000000000000000000
000000000000000000000011110000000000000000000000
000000000000000000001100001100000000000000000000
000000000000000000110000000011000000000000000000
000000000000000011000000000000110000000000000000
000000000000001100000000000000001100000000000000
000000000000110000000000000000000011000000000000
000000000011000000000000000000000000110000000000
000000001100000000000000000000000000001100000000
000000110000000000000000000000000000000011000000
000011000000000000000000000000000000000000110000
001100000000000000000000000000000000000000001100
110000000000000000000000000000000000000000000011
110000000000000000000000000000000000000000000011
001100000000000000000000000000000000000000001100
000011000000000000000000000000000000000000110000
000000110000000000000000000000000000000011000000
000000001100000000000000000000000000001100000000
000000000011000000000000000000000000110000000000
000000000000110000000000000000000011000000000000
000000000000001100000000000000001100000000000000
000000000000000011000000000000110000000000000000
000000000000000000110000000011000000000000000000
000000000000000000001100001100000000000000000000
000000000000000000000011110000000000000000000000
000000000000000000000011110000000000000000000000
000000000000000000001100001100000000000000000000
000000000000000000110000000011000000000000000000
000000000000000011000000000000110000000000000000
000000000000001100000000000000001100000000000000
000000000000110000000000000000000011000000000000
000000000011000000000000000000000000110000000000
000000001100000000000000000000000000001100000000
000000110000000000000000000000000000000011000000
000011000000000000000000000000000000000000110000
001100000000000000000000000000000000000000001100
110000000000000000000000000000000000000000000011
110000000000000000000000000000000000000000000011
