9 10
0101111101
0010101000
0100100011
0010101000
0001110111
1000100010
1010100111
1010101000
1101101111
10 8
10010011
10101010
11011111
00001010
01110001
00100010
11101001
10100000
01001111
00101000
8 9
000111011
100000101
110000111
101010100
010011001
001000001
111111111
100010101
8 10
1110100001
0010101000
1101110110
1000100000
1000101010
1000000000
1111110100
1010001000
9 8
01111111
00101000
00101011
10100010
10111110
10001000
01011101
00001010
01111011
8 8
11000001
00000010
01001001
10001010
11111011
10100000
01011001
10101000
10 9
111011000
101010100
111001100
001010000
100011101
001010000
101010010
100010101
010100110
100010000
8 10
0111111011
0000100010
1011011111
0010100010
0011111011
1010100000
0100111111
0010101010
9 8
01000011
00101000
00101101
00100000
00100111
10101000
01111110
00101010
11111001
9 9
100110011
000000101
111111111
100000101
011011001
001010000
111110010
000000001
100111000
